CHR SNP BP A1 A2 TEST NMISS OR STAT P C(HOM_A1) C(HET) C(HOM_A2) C(HAP_A1) C(HAP_A2) C(MISSING)
11 11:10807354:A:T 10807354 T A ADD 2798 0.3358 -5.974 2.317e-09 0 193 2608 0 0 0
11 11:10807359:A:T 10807359 T A ADD 2798 0.2781 -5.8 6.648e-09 0 146 2655 0 0 0
11 11:20637344:A:T 20637344 T A ADD 2798 0.379 -6.113 9.772e-10 0 240 2561 0 0 0
11 11:2908322:A:G 2908322 G A ADD 2798 1.424 5.461 4.745e-08 1538 1088 175 0 0 0
1 1:150267807:A:T 150267807 T A ADD 2791 0.365 -6.406 1.491e-10 0 252 2542 0 0 7
1 1:155282899:C:G 155282899 G C ADD 2796 0.3757 -5.411 6.265e-08 0 184 2615 0 0 2
11 11:63905117:I:1 63905117 TG T ADD 2651 0.4428 -5.698 1.211e-08 1 274 2379 0 0 147
11 11:8619318:T:A 8619318 A T ADD 2798 0.3925 -7.205 5.818e-13 0 360 2441 0 0 0
1 1:201211357:A:G 201211357 G A ADD 2798 1.855 5.445 5.179e-08 0 387 2414 0 0 0
1 1:201211361:T:C 201211361 C T ADD 2798 1.828 5.338 9.376e-08 0 391 2410 0 0 0
12 12:132148673:C:G 132148673 G C ADD 2772 0.4459 -6.235 4.526e-10 0 347 2428 0 0 26
14 14:103965566:A:T 103965566 T A ADD 2794 0.437 -6.646 3.012e-11 0 377 2420 0 0 4
15 15:55917202:D:3 55917202 G GAAC ADD 2735 1.441 6.245 4.244e-10 300 1148 1290 0 0 63
16 16:28888774:T:A 28888774 A T ADD 2798 0.4516 -5.991 2.084e-09 0 326 2475 0 0 0
16 16:31474028:A:T 31474028 T A ADD 2798 0.4024 -5.41 6.315e-08 0 207 2594 0 0 0
1 1:6586574:T:A 6586574 A T ADD 2798 0.432 -6.659 2.766e-11 0 370 2431 0 0 0
17 17:28964177:A:T 28964177 T A ADD 2798 0.487 -5.555 2.781e-08 0 332 2469 0 0 0
17 17:38720305:G:C 38720305 C G ADD 2772 0.634 -5.98 2.231e-09 95 745 1935 0 0 26
17 17:39997603:A:T 39997603 T A ADD 2798 0.2277 -5.701 1.193e-08 0 119 2682 0 0 0
17 17:43525883:A:T 43525883 T A ADD 2798 0.2442 -5.43 5.645e-08 0 117 2684 0 0 0
17 17:43907323:C:G 43907323 G C ADD 2798 0.4447 -5.435 5.468e-08 0 265 2536 0 0 0
17 17:48592529:C:G 48592529 G C ADD 2793 0.5153 -7.329 2.314e-13 33 658 2105 0 0 5
17 17:81103766:A:T 81103766 T A ADD 2798 0.2668 -6.089 1.134e-09 0 153 2648 0 0 0
19 19:15227726:T:A 15227726 A T ADD 2798 0.3285 -6.466 1.007e-10 0 221 2580 0 0 0
19 19:18929654:A:T 18929654 T A ADD 2798 0.3602 -5.415 6.146e-08 0 173 2628 0 0 0
19 19:38647958:C:G 38647958 G C ADD 2798 0.353 -5.532 3.168e-08 0 176 2625 0 0 0
19 19:38647963:A:T 38647963 T A ADD 2798 0.3748 -5.596 2.188e-08 0 196 2605 0 0 0
19 19:40502337:A:T 40502337 T A ADD 2798 0.3538 -5.536 3.102e-08 0 178 2623 0 0 0
19 19:46710872:G:C 46710872 C G ADD 2798 0.3575 -6.31 2.785e-10 0 234 2567 0 0 0
19 19:46710884:G:C 46710884 C G ADD 2798 0.3694 -6.107 1.016e-09 0 231 2570 0 0 0
19 19:49335790:A:T 49335790 T A ADD 2798 0.3264 -5.455 4.904e-08 0 155 2646 0 0 0
19 19:49335804:A:T 49335804 T A ADD 2798 0.3394 -5.959 2.535e-09 0 193 2608 0 0 0
19 19:49594424:T:A 49594424 A T ADD 2798 0.3771 -6.412 1.438e-10 0 264 2537 0 0 0
20 20:44419706:T:A 44419706 A T ADD 2798 0.2886 -5.392 6.949e-08 0 129 2672 0 0 0
2 2:197500528:C:G 197500528 G C ADD 2798 0.537 -5.441 5.286e-08 1 423 2377 0 0 0
2 2:70958446:A:T 70958446 T A ADD 2798 0.3592 -7.729 1.085e-14 0 360 2441 0 0 0
6 6:109446096:T:A 109446096 A T ADD 2798 0.446 -5.906 3.505e-09 0 308 2493 0 0 0
7 7:135232128:A:T 135232128 T A ADD 2793 0.3242 -6.017 1.775e-09 1 182 2613 0 0 5
7 7:149831110:T:A 149831110 A T ADD 2798 0.4572 -6.049 1.457e-09 0 343 2458 0 0 0
7 7:149831126:T:A 149831126 A T ADD 2798 0.4742 -5.694 1.239e-08 0 327 2474 0 0 0
7 7:73861287:A:T 73861287 T A ADD 2798 0.3041 -6.161 7.243e-10 0 181 2620 0 0 0
8 8:129751842:T:A 129751842 A T ADD 2798 0.4126 -5.35 8.789e-08 0 212 2589 0 0 0
